1322
-0.8823 -0.4683 0.047
-0.7737 -0.6304 0.0633
-0.6352 -0.7685 0.0771
0.6352 -0.7685 0.0771
0.7736 -0.6304 0.0633
0.8823 0.4683 -0.047
0.7736 0.6304 -0.0633
-0 -0.1635 -0.9865
-0 0.1635 0.9865
-0.9952 -0.0973 0.0098
-0.0982 -0.9902 0.0994
-0.4721 0.8771 -0.0881
-0.0982 0.9902 -0.0994
-0.7736 -0.6304 0.0633
-0.6352 0.7685 -0.0772
-0.2908 0.952 -0.0956
-0.6352 -0.7685 0.0772
0.8604 -0.1848 0.475
0.2532 -0.901 -0.3524
0.7969 -0.3482 0.4937
0.0854 -0.9333 -0.3488
-0.8604 0.1848 -0.475
-0.4118 -0.8374 -0.3595
0.266 0.7951 -0.5451
-0.4118 0.8374 0.3595
0.7736 0.6305 -0.0633
0.0982 -0.9902 0.0994
-0.8823 0.4683 -0.047
0.2908 0.952 -0.0955
0.9571 -0.2883 0.0289
-0.7736 -0.6305 0.0633
0.9571 0.2883 -0.0289
-0.6352 0.7685 -0.0771
-0.2908 -0.952 0.0955
0.6352 0.7685 -0.0771
0.2908 -0.952 0.0955
-0.9571 0.2883 -0.0289
0.0982 0.9902 -0.0994
0.7736 -0.6305 0.0633
-0.9571 -0.2883 0.0289
0.9952 -0.0973 0.0098
-0.2908 0.952 -0.0955
-0.7736 0.6305 -0.0633
0.4721 0.8771 -0.088
0.4721 -0.8771 0.088
-0.9952 0.0973 -0.0098
0.8823 -0.4683 0.047
0.9952 0.0973 -0.0098
-0.4721 0.8771 -0.088
-0.4721 -0.8771 0.088
-0.4311 -0.7251 0.537
0.4118 -0.8374 -0.3595
-0.2661 0.7951 -0.5451
-0.266 -0.7951 0.5451
-0.2532 0.901 0.3524
-0.7736 0.6304 -0.0633
0.4722 -0.8771 0.088
0.2908 0.952 -0.0956
0.6352 -0.7685 0.0772
0.6352 0.7685 -0.0772
0.2908 -0.952 0.0956
-0.9571 0.2883 -0.029
-0.4721 -0.8771 0.0881
0.9571 -0.2883 0.029
-0.9571 -0.2883 0.029
0.4722 0.8771 -0.0881
0.4721 -0.8771 0.0881
0.9571 0.2883 -0.029
-0.2908 -0.952 0.0956
-0.0854 -0.9333 -0.3488
-0.09 0.8308 -0.5492
-0.7777 0.4858 0.3989
-0.8902 0.013 -0.4554
-0.5782 -0.6242 0.5254
0.4118 0.8374 0.3595
0.8902 0.013 -0.4554
-0.2532 -0.901 -0.3524
0.0899 0.8308 -0.5492
-0.6791 0.6261 0.3832
-0.7017 -0.4967 0.5107
0.5556 0.7447 0.3699
0.8857 -0.1603 -0.4357
-0.5556 0.7447 0.3699
0.7017 -0.4967 0.5107
-0.7969 0.3482 -0.4937
-0.7969 -0.3482 0.4937
0.6791 0.6261 0.3832
0.8476 -0.3286 -0.4167
-0.5556 -0.7447 -0.3698
0.4311 0.7251 -0.537
0.5782 -0.6242 0.5254
-0.7018 0.4967 -0.5107
-0.8604 -0.1847 0.475
0.8604 0.1848 -0.475
0.2532 0.901 0.3524
-0.8857 -0.1603 -0.4357
0.8902 -0.0131 0.4554
-0.8476 0.3286 0.4167
0.09 -0.8308 0.5492
0.7969 0.3482 -0.4937
0.0854 0.9333 0.3488
-0.8476 -0.3286 -0.4167
0.8857 0.1603 0.4357
0.5556 -0.7447 -0.3698
-0.8857 0.1603 0.4357
-0.4311 0.7251 -0.537
0.2661 -0.7951 0.5451
0.7017 0.4967 -0.5107
-0.0854 0.9333 0.3488
-0.0899 -0.8308 0.5492
-0.7778 -0.4858 -0.3989
0.6791 -0.6261 -0.3831
0.8476 0.3286 0.4167
-0.8902 -0.013 0.4554
-0.5782 0.6242 -0.5254
0.4311 -0.7251 0.537
0.5782 0.6242 -0.5254
-0.6791 -0.6261 -0.3832
0.7777 -0.4858 -0.3989
0.7777 0.4858 0.3989
-0 0.1635 0.9866
-0 0.1634 0.9866
-0 0.1636 0.9865
0.0971 -0.9953 -0
0.9951 0.099 -0
-0.9562 0.2928 -0
0.9562 0.2928 -0
-0.9951 0.0989 -0
0.8801 0.4749 -0
-0.9951 -0.0989 -0
0.77 0.638 -0
-0.9562 -0.2928 -0
0.6308 0.7759 -0
-0.8801 -0.4749 -0
0.4679 0.8838 -0
-0.0971 -0.9953 -0
-0.77 -0.638 -0
0.2877 0.9577 -0
0.2878 -0.9577 -0
-0.6309 -0.7759 -0
0.0971 0.9953 -0
0.4679 -0.8838 -0
-0.468 -0.8838 -0
-0.0971 0.9953 -0
0.6308 -0.776 -0
-0.2877 -0.9577 -0
-0.2878 0.9577 -0
0.77 -0.638 -0
-0.4679 0.8838 -0
0.8801 -0.4749 -0
-0.6307 0.776 -0
0.9562 -0.2928 -0
-0.77 0.638 -0
0.9951 -0.0989 -0
-0.8801 0.4749 -0
-0 0.9993 -0.0367
0.2908 0.9518 -0.0973
0.2909 -0.9518 0.0973
-0.6352 -0.7683 0.0785
0.0982 0.99 -0.1012
0.4722 -0.8769 0.0896
-0.4722 -0.8769 0.0896
-0.0982 0.99 -0.1012
0.6352 -0.7683 0.0785
-0.2909 -0.9518 0.0973
-0.2908 0.9518 -0.0973
0.7737 -0.6303 0.0644
-0.0982 -0.99 0.1012
-0.4722 0.8769 -0.0896
0.8823 -0.4682 0.0479
-0.6352 0.7683 -0.0785
0.9571 -0.2882 0.0295
-0.7737 0.6303 -0.0644
0.9952 -0.0973 0.0099
-0.8823 0.4682 -0.0479
0.9952 0.0973 -0.0099
-0.9571 0.2882 -0.0295
0.9571 0.2882 -0.0295
-0.9952 0.0973 -0.0099
0.8823 0.4682 -0.0479
-0.9952 -0.0973 0.0099
0.7737 0.6303 -0.0644
-0.9571 -0.2882 0.0295
0.6352 0.7683 -0.0785
-0.8823 -0.4682 0.0479
0.4722 0.8769 -0.0896
0.0982 -0.99 0.1012
-0.7737 -0.6303 0.0644
-0.0633 0.7569 0.6504
-0.1881 0.7342 0.6524
-0.3073 0.6892 0.6562
-0.4171 0.6228 0.6619
-0.5139 0.5367 0.6692
-0.594 0.4329 0.6781
-0.654 0.3144 0.6881
-0.6909 0.1845 0.699
-0.7022 0.0479 0.7104
-0.6861 -0.0905 0.7218
-0.6421 -0.225 0.7329
-0.5706 -0.3496 0.7431
-0.4739 -0.4583 0.752
-0.3554 -0.5455 0.759
-0.2203 -0.6065 0.764
-0.0746 -0.6379 0.7665
0.0746 -0.6379 0.7665
0.2203 -0.6065 0.764
0.3554 -0.5455 0.759
0.4739 -0.4583 0.752
0.5705 -0.3497 0.7431
0.6421 -0.225 0.7329
0.6861 -0.0905 0.7218
0.7022 0.0479 0.7104
0.6909 0.1845 0.699
0.654 0.3144 0.6881
0.594 0.4329 0.6781
0.5139 0.5366 0.6693
0.4171 0.6228 0.6619
0.3073 0.6891 0.6562
0.1881 0.7341 0.6525
0.0633 0.7569 0.6505
0.4721 0.8771 -0.0881
-0.2909 0.952 -0.0956
-0.5774 0.5773 -0.5773
-0.5774 -0.5773 0.5773
-0.5773 0.5774 0.5774
0.5773 0.5774 -0.5774
-0.5773 -0.5774 -0.5774
0.5774 0.5773 0.5773
0.5774 -0.5773 -0.5773
0.5773 -0.5774 0.5774
-0 -1 -0
0.1619 -0.6238 0.7646
0.6834 -0.7297 -0.0219
0.7809 -0.6213 0.0651
0.6694 0.4601 0.5833
0.9108 0.4012 0.0975
0.5943 0.4833 0.6428
0.5971 0.501 0.6265
0.0119 0.1217 -0.9925
0.9405 0.3368 -0.0449
0.5503 0.2103 0.808
0.5492 0.482 0.6827
0.9199 0.37 -0.1299
0.2185 0.0883 0.9718
0.5204 0.4854 0.7026
0.3499 -0.6842 0.6399
0.7496 -0.6425 -0.159
0.598 -0.8012 -0.0231
0.3284 -0.7174 0.6145
0.4012 -0.8429 0.3587
0.2863 -0.828 0.4822
0.1735 -0.5812 0.795
-0 -0.8524 -0.5229
-0 -0.8584 -0.5129
-0.1999 -0.6815 0.704
-0.5969 -0.8017 -0.0326
-0.6803 -0.7322 0.0344
-0.6694 0.4601 0.5833
-0.9108 0.4012 0.0975
-0.7298 0.6736 0.1172
-0.5971 0.501 0.6265
0.7642 0.5434 -0.3475
0.1423 0.5843 -0.799
-0.9405 0.3368 -0.0449
-0.4291 0.4817 0.764
-0.5492 0.482 0.6827
-0.9205 0.3713 -0.1216
-0.1965 0.1665 0.9663
-0.5259 0.4817 0.701
-0.4311 -0.7101 0.5567
-0.7496 -0.6425 -0.159
-0.598 -0.8012 -0.0231
-0.3447 -0.8264 0.4452
-0.4135 -0.7729 0.4813
-0.3033 -0.8594 0.4115
-0.2038 -0.6223 0.7558
0.1354 0.9392 0.3156
-0.011 0.9998 0.0169
-0.0235 0.9987 0.045
-0.0037 0.9998 0.0178
-0.0956 0.9954 0.0053
0.0666 0.9871 0.1456
-0.025 0.9987 0.044
-0.5686 0.2131 0.7945
-0.2468 -0.1906 0.9501
-0.9676 0.2496 -0.038
-0.565 0.2758 0.7776
-0.2738 0.1563 0.949
-0.9795 0.1992 -0.0314
-0.7642 0.5434 -0.3475
-0.6784 0.2671 0.6844
-0.9682 0.2366 0.0807
-0.7197 0.2606 0.6435
0.5833 0.2081 0.7852
0.1875 -0.0797 0.979
0.9676 0.2496 -0.038
0.6082 0.2186 0.7631
0.4593 -0.1478 0.8759
0.9795 0.1992 -0.0314
0.6618 0.2826 0.6943
0.9682 0.2366 0.0807
0.7197 0.2606 0.6435
-0.1398 0.0636 -0.9881
-0.1423 0.5843 -0.799
-0.5702 -0.8126 -0.1209
-0.4381 0.6655 0.6044
-0.2117 0.3716 0.9039
-0.4728 0.6952 0.5414
-0.5588 0.6721 0.4859
-0.731 0.6728 0.1141
-0.7325 0.6795 -0.0402
-0.4348 0.6558 0.6171
-0.4643 0.6716 0.5775
-0.7746 0.6164 -0.1413
0.5702 -0.8126 -0.1209
0.4381 0.6655 0.6044
0.2117 0.3716 0.9039
0.4728 0.6952 0.5414
0.5588 0.6721 0.4859
0.731 0.6728 0.1141
0.7331 0.6789 -0.0404
0.4348 0.6558 0.6171
0.4643 0.6716 0.5775
0.7112 0.6935 -0.1151
0.1394 0.9892 -0.0451
0.5488 0.5267 0.6492
0.4767 0.5646 0.6738
0.1573 0.9875 -0.0087
0.8419 0.5296 0.1035
0.6653 0.5523 0.5024
0.3702 0.5666 0.7362
0.5265 0.5201 0.6726
0.0539 0.5896 -0.8059
-0.5111 0.8525 -0.1097
-0.4766 0.6698 0.5694
-0.4421 0.6531 0.6149
-0.1701 0.9854 -0.0094
-0.5908 0.6675 0.4531
-0.4612 0.6946 0.5521
-0.3702 0.5666 0.7362
-0.459 0.6621 0.5924
-0.0772 0.6138 -0.7857
0.0956 0.9954 0.0053
-0.0204 0.9953 0.0945
0.0113 0.9991 0.0405
-0.0197 0.9972 0.0728
-0.076 0.997 0.0161
-0.0003 1 0.004
0.0754 0.9968 -0.0275
0.0235 0.9987 0.045
-0.0525 0.9984 0.0226
-0.0261 0.9973 0.0687
0.0809 0.9952 0.0556
0.0386 0.9989 0.0265
0.0003 1 0.004
-0.13 0.9913 -0.0201
0.2903 -0 -0.9569
0.6344 -0 0.773
-0.9952 -0 0.098
0.6344 -0 -0.773
0.2903 -0 0.9569
-0.9569 -0 -0.2903
0.8819 -0 -0.4714
-0.773 -0 -0.6344
-0.098 -0 0.9952
0.9952 -0 -0.098
-0.4714 -0 -0.8819
-0.4714 -0 0.8819
0.9569 -0 0.2903
-0.098 -0 -0.9952
-0.773 -0 0.6344
0.098 -0 -0.9952
0.773 -0 0.6344
-0.9569 -0 0.2903
0.4714 -0 -0.8819
0.4714 -0 0.8819
-0.9952 -0 -0.098
0.773 -0 -0.6344
0.098 -0 0.9952
-0.8819 -0 -0.4714
0.9569 -0 -0.2903
-0.6344 -0 -0.773
-0.2903 -0 0.9569
0.9952 -0 0.098
-0.2903 -0 -0.9569
-0.6344 -0 0.773
0.8819 -0 0.4714
-0.8819 -0 0.4714
0.0352 0.9992 -0.0188
-0.4188 -0.8801 -0.2239
-0.0308 0.9992 -0.0253
0.1378 -0.8801 -0.4544
0.0253 0.9992 0.0308
-0.2239 -0.88 0.4188
0.4726 -0.8801 0.0465
-0.0253 0.9992 0.0308
0.0308 0.9992 -0.0253
-0.4544 -0.88 -0.1378
0.0465 -0.8801 0.4726
-0.0352 0.9992 -0.0188
0.0308 0.9992 0.0253
0.0465 -0.8801 -0.4726
-0.1379 -0.8801 0.4544
0.4726 -0.88 -0.0465
-0.0188 0.9992 0.0352
0.0253 0.9992 -0.0308
-0.4726 -0.88 -0.0465
-0.0382 0.9992 -0.0116
0.1378 -0.8801 0.4544
0.0352 0.9992 0.0188
-0.0465 -0.8801 -0.4726
-0.0465 -0.8801 0.4726
0.4544 -0.8801 -0.1378
-0.0116 0.9992 0.0382
0.0188 0.9992 -0.0352
-0.4726 -0.8801 0.0465
0.2239 -0.88 0.4188
-0.0397 0.9992 -0.0039
0.0382 0.9992 0.0116
-0.1379 -0.88 -0.4544
-0.0039 0.9992 -0.0397
0.4188 -0.88 -0.2239
-0.0039 0.9992 0.0397
0.0116 0.9992 -0.0382
-0.4544 -0.8801 0.1378
0.3013 -0.88 0.3671
-0.0397 0.9992 0.0039
0.0397 0.9992 0.0039
-0.2239 -0.8801 -0.4188
-0.0116 0.9992 -0.0382
0.0039 0.9992 0.0397
0.3671 -0.88 -0.3013
0.0039 0.9992 -0.0397
-0.4188 -0.88 0.2239
0.3671 -0.8801 0.3013
-0.0382 0.9992 0.0116
0.0397 0.9992 -0.0039
-0.3013 -0.8801 -0.3671
-0.0188 0.9992 -0.0352
0.3013 -0.8801 -0.3671
0.0116 0.9992 0.0382
-0.3671 -0.8801 0.3013
0.4188 -0.8801 0.2239
-0.0352 0.9992 0.0188
0.0382 0.9992 -0.0116
-0.3671 -0.8801 -0.3013
-0.0253 0.9992 -0.0308
0.2239 -0.8801 -0.4188
0.0188 0.9992 0.0352
-0.3013 -0.8801 0.3671
0.4544 -0.8801 0.1379
-0.0308 0.9992 0.0253
0.3461 -0.679 -0.6475
0.3461 -0.679 0.6475
-0.7306 -0.679 -0.072
0.5675 -0.679 -0.4657
0.072 -0.679 0.7306
-0.6475 -0.679 -0.3461
0.7025 -0.679 -0.2131
-0.4657 -0.679 -0.5675
-0.2131 -0.679 0.7025
0.7306 -0.679 0.072
-0.2131 -0.679 -0.7025
-0.4657 -0.679 0.5675
0.6475 -0.679 0.3461
-0.6475 -0.679 0.3461
0.2131 -0.679 -0.7025
0.4657 -0.679 0.5675
-0.7306 -0.679 0.072
0.4657 -0.679 -0.5675
0.2131 -0.679 0.7025
-0.7025 -0.679 -0.2131
0.6475 -0.679 -0.3461
-0.5675 -0.679 -0.4657
-0.072 -0.679 0.7306
0.7306 -0.679 -0.072
-0.3461 -0.679 -0.6475
-0.3461 -0.679 0.6475
0.7025 -0.679 0.2131
-0.072 -0.679 -0.7306
-0.5675 -0.679 0.4657
0.072 -0.679 -0.7306
0.5675 -0.679 0.4657
-0.7025 -0.679 0.2131
-0.1125 0.9842 -0.1371
-0 1 -0
-0.0836 -0.9842 0.1564
-0.2428 0.9673 -0.0737
0.0836 -0.9842 0.1564
0.1125 0.9842 -0.1371
-0.2238 0.9673 -0.1196
-0.0249 -0.9673 0.2525
0.0515 -0.9842 0.1697
0.1371 0.9842 -0.1125
0.1961 -0.9673 0.161
0.0736 0.9673 -0.2428
-0.0174 0.9842 -0.1765
-0.1564 -0.9842 0.0836
0.161 -0.9673 0.1961
0.1196 0.9673 -0.2238
-0.1697 -0.9842 0.0515
-0.1196 0.9673 -0.2238
-0.161 -0.9673 0.1961
0.1765 0.9842 -0.0174
-0.0737 0.9673 -0.2428
-0.1961 -0.9673 0.161
0.1765 0.9842 0.0174
0.0249 -0.9673 0.2525
0.2238 0.9673 -0.1196
-0.1697 -0.9842 -0.0515
0.2428 0.9673 -0.0737
-0.1564 -0.9842 -0.0836
-0.2525 -0.9673 0.0249
-0.1371 -0.9842 -0.1125
-0.2525 -0.9673 -0.0249
-0.1125 -0.9842 -0.1371
0.2428 0.9673 0.0737
-0.0001 -1 -0
-0 -1 -0.0001
-0.0001 -1 0.0001
0.0001 -1 -0
-0.0002 -1 0.0001
0.9808 -0 0.1951
0.5556 -0 0.8315
-0.9808 -0 0.1951
-0.5556 -0 0.8315
0.1951 -0 0.9808
0.9239 -0 0.3827
0.9808 -0 -0.1951
0.5556 -0 -0.8315
-0.1951 -0 -0.9808
0.8315 -0 -0.5556
0.1951 -0 -0.9808
-0.7071 -0 -0.7071
-0.8315 -0 -0.5556
-0.9808 -0 -0.1951
-0.8315 -0 0.5556
-0.1951 -0 0.9808
-1 -0 -0
-0 -0 -1
1 -0 -0
-0 -0 1
0.0978 -0 -0.9952
0.2902 -0 -0.957
0.6343 -0 -0.7731
0.7731 -0 -0.6343
0.882 -0 -0.4713
0.957 -0 -0.2902
0.9952 -0 -0.0982
0.9952 -0 0.0978
0.8818 -0 0.4716
0.6345 -0 0.7729
0.4716 -0 0.8818
0.2902 -0 0.957
0.0981 -0 0.9952
-0.0981 -0 0.9952
-0.2901 -0 0.957
-0.4715 -0 0.8818
-0.957 -0 0.2902
-0.957 -0 -0.2901
-0.882 -0 -0.4713
-0.4715 -0 -0.8819
-0.0978 -0 -0.9952
-0.2902 -0 -0.957
0.2525 -0.9673 0.0249
-0.0515 -0.9842 0.1697
-0.1371 0.9842 -0.1125
0.2525 -0.9673 -0.0249
0.0174 0.9842 -0.1765
0.1564 -0.9842 0.0836
-0.2428 0.9673 0.0737
0.1697 -0.9842 0.0515
-0.2238 0.9673 0.1196
-0.1765 0.9842 -0.0174
-0.1961 0.9673 0.161
-0.1765 0.9842 0.0174
-0.161 0.9673 0.1961
0.1697 -0.9842 -0.0515
-0.1196 0.9673 0.2238
0.1564 -0.9842 -0.0836
-0.0736 0.9673 0.2428
0.1371 -0.9842 -0.1125
-0.0249 0.9673 0.2525
0.1125 -0.9842 -0.1371
0.0249 0.9673 0.2525
0.0836 -0.9842 -0.1564
0.0737 0.9673 0.2428
0.0515 -0.9842 -0.1697
0.1196 0.9673 0.2238
0.0174 -0.9842 -0.1765
0.161 0.9673 0.1961
-0.0174 -0.9842 -0.1765
0.1961 0.9673 0.161
-0.0515 -0.9842 -0.1697
0.2238 0.9673 0.1196
-0.0836 -0.9842 -0.1564
0.7737 0.6304 -0.0633
-0 -0.1636 -0.9865
-0.0001 -0.1636 -0.9865
0.0001 -0.1635 -0.9865
-0 -0.1637 -0.9865
0.0002 -0.1636 -0.9865
0.2661 0.7951 -0.5451
0.7737 -0.6304 0.0633
-0.4722 0.8771 -0.088
-0.266 0.7951 -0.5451
-0.2661 -0.7951 0.5451
-0.7737 0.6304 -0.0633
-0.4722 -0.8771 0.088
-0.0899 0.8308 -0.5492
0.09 0.8308 -0.5492
-0.5556 0.7447 0.3698
-0.5556 -0.7447 -0.3699
-0.8604 -0.1848 0.475
0.8902 -0.013 0.4554
0.0899 -0.8308 0.5492
-0.09 -0.8308 0.5492
-0.7777 -0.4858 -0.3989
0.6791 -0.6261 -0.3832
0.9951 0.0989 -0
-0.9562 0.2927 -0
0.7701 0.6379 -0
-0.88 -0.4749 -0
-0.7701 -0.6379 -0
0.2878 0.9577 -0
0.2877 -0.9577 -0
-0.6308 -0.776 -0
-0.4679 -0.8838 -0
0.6309 -0.7759 -0
-0.2878 -0.9577 -0
-0.2877 0.9577 -0
0.7701 -0.6379 -0
-0.0001 0.1635 0.9865
-0.6308 0.7759 -0
-0.7701 0.6379 -0
0.9951 -0.099 -0
-0.0633 0.7569 0.6505
-0.1882 0.7341 0.6525
-0.3073 0.6891 0.6563
-0.5139 0.5367 0.6693
-0.654 0.3143 0.6881
-0.691 0.1845 0.6989
-0.7022 0.0479 0.7103
0.4739 -0.4582 0.752
0.5706 -0.3496 0.7431
0.6421 -0.2249 0.7329
0.6541 0.3143 0.6881
0.5139 0.5367 0.6693
0.3073 0.6891 0.6563
0.1881 0.7342 0.6524
0.1999 -0.6815 0.704
0.5969 -0.8017 -0.0326
0.6803 -0.7322 0.0344
0.67 0.4699 0.5747
0.931 0.3491 0.1066
0.5796 0.5615 0.5905
0.5944 0.473 0.6504
0.056 0.0984 -0.9936
-0.097 0.2346 -0.9672
0.923 0.3814 -0.0507
0.4291 0.4817 0.764
0.5486 0.5014 0.6691
0.8356 0.5271 -0.155
0.1965 0.1665 0.9663
0.5259 0.4817 0.701
0.4311 -0.7101 0.5567
0.686 -0.6574 -0.3119
0.5996 -0.8 -0.0235
0.3447 -0.8264 0.4452
0.4135 -0.7729 0.4813
0.3033 -0.8594 0.4115
0.2038 -0.6223 0.7558
0.0079 -0.8585 -0.5128
0.0391 -0.9342 -0.3546
-0 0.0367 0.9993
0.8629 -0.5015 -0.0625
-0.1619 -0.6238 0.7646
-0.6834 -0.7297 -0.0219
-0.7809 -0.6213 0.0651
-0.67 0.4699 0.5747
-0.931 0.3491 0.1066
-0.1791 0.9819 0.0623
-0.5944 0.473 0.6504
-0.923 0.3814 -0.0507
-0.5503 0.2103 0.808
-0.5486 0.5014 0.6691
-0.8234 0.5472 -0.1502
-0.2185 0.0883 0.9718
-0.5204 0.4854 0.7026
-0.3499 -0.6842 0.6399
-0.686 -0.6574 -0.3119
-0.5996 -0.8 -0.0235
-0.3284 -0.7174 0.6145
-0.4012 -0.8429 0.3587
-0.2863 -0.828 0.4821
-0.1735 -0.5812 0.795
-0.0079 -0.8585 -0.5128
-0.0391 -0.9342 -0.3546
0.0064 0.9994 0.0355
0.0646 0.9832 0.1709
-0.1129 0.9935 0.011
-0.6554 0.7547 0.029
-0 1 -0.0001
0.6692 0.7425 0.0296
-0.0141 0.9983 0.0572
-0.516 0.6118 0.5995
-0.3331 0.8466 0.4152
-0.0269 0.9994 -0.0199
0.1509 0.9686 0.1978
-0.0895 0.9959 0.0142
-0 0.9999 -0.0128
0.3347 0.9423 0.0072
-0.3713 0.7992 0.4727
-0.0269 0.9981 -0.0553
-0.0445 0.9985 0.0331
0.0401 0.9992 0.0069
-0.0938 0.9955 0.0113
-0.0251 0.9987 0.044
-0.5833 0.2081 0.7852
-0.1875 -0.0797 0.979
-0.889 0.4425 -0.1174
-0.6082 0.2186 0.7631
-0.4593 -0.1478 0.8759
-0.9676 0.2481 -0.0461
-0.6618 0.2826 0.6943
-0.9746 0.2038 0.0931
-0.7269 0.2734 0.63
0.5686 0.2131 0.7945
0.2468 -0.1906 0.9501
0.8799 0.4586 -0.1242
0.565 0.2758 0.7776
0.2738 0.1563 0.949
0.9676 0.2481 -0.0461
0.6784 0.2671 0.6844
0.9746 0.2038 0.0931
0.7269 0.2734 0.63
0.0304 0.1545 -0.9875
0.1662 0.2333 -0.9581
-0.6256 -0.7264 -0.2845
-0.4527 0.6731 0.5848
-0.3321 0.6893 0.6439
-0.4749 0.6771 0.5622
-0.5568 0.7106 0.4301
-0.738 0.6646 0.1164
-0.7331 0.6789 -0.0404
-0.4364 0.6657 0.6053
-0.4611 0.6946 0.5522
-0.7115 0.6934 -0.1143
0.6256 -0.7264 -0.2845
0.4527 0.6731 0.5848
0.3321 0.6893 0.6439
0.4749 0.6771 0.5622
0.5568 0.7106 0.4301
0.738 0.6646 0.1164
0.7325 0.6795 -0.0402
0.4364 0.6657 0.6053
0.4611 0.6946 0.5522
0.7794 0.6096 -0.1446
0.5168 0.8489 -0.1106
0.5534 0.4817 0.6795
0.4752 0.5272 0.7044
0.157 0.9876 -0.0087
0.1609 0.9868 0.02
0.661 0.5766 0.4802
0.3682 0.5997 0.7105
0.5344 0.5286 0.6595
0.0772 0.6138 -0.7857
-0.1518 0.9873 -0.0473
-0.4678 0.695 0.5461
-0.4408 0.665 0.6028
-0.1704 0.9853 -0.0094
-0.5728 0.711 0.4079
-0.4697 0.6771 0.5665
-0.3598 0.6812 0.6376
-0.4649 0.6715 0.5771
-0.0539 0.5896 -0.8059
-0.0347 0.9958 0.085
-0.0117 0.9963 0.0849
0.1315 0.9911 -0.0211
-0.1828 0.9319 0.3132
-0.0213 0.9973 0.0705
0.0179 0.998 0.0603
0.0423 0.9985 0.0346
-0.0731 0.997 -0.0266
-0.4188 -0.88 -0.2239
0.1379 -0.8801 -0.4544
-0.2239 -0.8801 0.4188
-0.4544 -0.8801 -0.1378
0.0465 -0.88 -0.4726
-0.4726 -0.8801 -0.0465
0.1379 -0.88 0.4544
-0.0466 -0.8801 -0.4726
0.4544 -0.8801 -0.1379
0.2239 -0.8801 0.4188
-0.1379 -0.8801 -0.4544
0.4188 -0.8801 -0.2239
-0.4544 -0.8801 0.1379
0.3013 -0.8801 0.3671
0.3671 -0.8801 -0.3013
-0.4188 -0.8801 0.2239
0.3671 -0.88 0.3013
0.4188 -0.88 0.2239
-0.3671 -0.88 -0.3013
0.4544 -0.8801 0.1378
0.0002 -1 -0.0006
-0 -1 -0.0003
-0.0016 -1 -0.0001
-0.0008 -1 0.0001
0.0008 -1 -0.0006
0.0001 -1 -0.0007
-0 -1 -0.0002
-0.0016 -1 -0.0004
-0.0016 -1 -0
-0 -1 0.0001
0.0008 -1 0.0002
0.0008 -1 -0
0.0004 -1 -0
0.0001 -1 0.0001
0.0737 0.9673 -0.2428
-0.5556 -0.0001 0.8315
0.9808 0.0001 -0.1951
-0.9808 0.0001 -0.1951
0.4716 -0 -0.8818
0.6342 -0 -0.7732
0.7729 -0 -0.6345
0.8819 -0 -0.4715
0.9952 -0 -0.0979
0.9952 -0 0.0981
0.957 -0 0.2902
0.6345 -0 0.773
-0.2902 -0 0.957
-0.4715 -0 0.8819
-0.6345 -0 0.7729
-0.7731 -0 0.6342
-0.8818 -0 0.4716
-0.9569 -0 0.2904
-0.9952 -0 0.0979
-0.9952 -0 -0.0981
-0.7728 -0 -0.6346
-0.6343 -0 -0.7731
-0.4716 -0 -0.8818
0.0002 1 -0.0002
-0.0002 1 -0.0002
-0.0015 1 -0.0003
-0.0005 1 -0.0001
-0.001 1 0.0001
0.001 1 0.0001
-0.0005 1 0.0002
-0.0003 1 -0.0001
-0.0001 1 -0.0004
0.0002 1 -0.0004
0.0005 1 0.0002
-0.001 1 -0
0.0005 1 -0
0.0012 1 -0.0002
-0.0003 1 -0
0.0001 1 -0
-0 1 0.0001
-0.0001 1 -0
0.0003 1 -0
-0 -1 -0.0011
0.001 -1 0.0001
-0 -1 0.0002
0.001 -1 -0
0.0005 -1 0.0002
-0 -1 -0.001
-0.001 -1 0.0002
-0.001 -1 -0
-0.001 -1 0.0001
-0.0005 -1 -0
0.0005 -1 -0.0002
0.0005 -1 -0
-0.0001 -1 -0.0001
-0.0737 0.9673 0.2428
0.0736 0.9673 0.2428
0.013 0.9999 -0
0.013 0.9979 0.0638
0.016 0.6893 0.7243
-0 0.6894 0.7244
-0 0.9963 0.0859
0.0227 0.9997 -0
-0 0.9963 0.0858
-0 0.6193 0.7852
0.0173 0.6192 0.785
0.9999 -0 0.0143
1 -0 -0
0.0148 -0.0856 -0.9962
-0 0.4387 -0.8986
-0 -0 -1
-0.1118 -0 -0.9937
0.0148 -0.0817 -0.9966
-0 -0.6948 0.7192
-0 -0.8188 0.574
-0.3286 -0.715 0.6171
-0.006 -0.8156 0.5785
-0.0048 -0.7542 0.6566
-0 0.9973 0.074
-0 1 -0
0.9923 -0.1236 -0
0.9922 -0.1236 0.0142
0.0434 0.9991 -0
-0.0145 0.982 -0.1883
-0 0.9821 -0.1883
-0.941 0.3384 -0
-0.0269 0.9975 -0.0658
-0.0333 0.9976 -0.0609
0.008 0.9994 -0.0341
-0.0052 0.9966 -0.0819
-0.0126 0.9999 -0
-0.0176 0.9967 -0.0787
0.024 0.9997 -0
-0 -0.576 -0.8174
-0.8819 0.4714 -0
-0.773 0.6344 -0
0.9569 0.2903 -0
0.9952 0.098 -0
0.9952 -0.098 -0
0.098 -0.9952 -0
-0 -0 1
0.6344 0.773 -0
-0.9952 0.098 -0
0.4714 -0.8819 -0
0.2903 0.9569 -0
0.773 -0.6344 -0
-0.9569 -0.2903 -0
-0.098 0.9952 -0
0.9569 -0.2903 -0
-0.773 -0.6344 -0
-0.4714 0.8819 -0
-0.4714 -0.8819 -0
-0.098 -0.9952 -0
0.773 0.6344 -0
-0.9569 0.2903 -0
0.2903 -0.9569 -0
0.4714 0.8819 -0
0.6344 -0.773 -0
-0.9952 -0.098 -0
0.098 0.9952 -0
0.8819 -0.4714 -0
-0.8819 -0.4714 -0
-0.2903 0.9569 -0
-0.6344 -0.773 -0
-0.6344 0.773 -0
-0.2903 -0.9569 -0
0.8819 0.4714 -0
0.2727 0.4221 -0.8646
0.3009 -0 -0.9537
0.2497 -0.5578 -0.7915
0.3008 -0 -0.9537
-1 -0 -0
-0 -0.5567 -0.8307
-0 0.5567 0.8307
0.2727 0.422 -0.8646
-0 -0.9529 -0.3034
-0 0.9529 0.3034
-0.75 0.2902 -0.5944
-0.7837 -0 -0.6211
-0.718 -0.401 -0.569
0.0593 0.9804 -0.188
-0.0595 0.9802 0.1887
-0 0.982 0.189
-0.011 0.9829 -0.1839
0.0133 0.9827 0.1846
-0 -1 0.005
1 -0 0.0053
0.0219 -0 -0.9998
0.0078 -0.6931 -0.7208
-0.0808 -0.6908 -0.7185
0.0133 0.9829 0.1838
0.0215 0.9996 -0.0158
0.0158 -0 -0.9999
-0.011 0.983 -0.1831
0.9961 0.0579 0.066
0.9923 -0.1236 -0.0118
-0.0544 -0 -0.9985
-0 0.998 0.064
-0 -1 -0
-0 0.9529 0.3033
-0 0.4387 -0.8987
0.652 0.7374 -0.1765
0.5486 0.5912 -0.5912
0.7021 0.7 -0.1305
0.7071 0.7071 -0
0.7069 0.7059 0.0453
0.7068 0.7073 0.0101
0.7032 0.6988 -0.1309
0.6518 0.7453 0.14
0.996 0.0898 -0
0.9959 0.0898 0.0071
0.9959 0.0898 0.0142
-0 -0.85 -0.5267
-0 -0.844 0.5363
-0 0.8515 0.5244
-0 0.8463 -0.5327
-0 0.933 0.3599
-0 0.9175 -0.3978
-0 -0.098 -0.9952
-0 -0.2903 -0.9569
-0 -0.4714 -0.8819
-0 -0.6344 -0.773
-0 -0.773 -0.6344
-0 -0.8819 -0.4714
-0 -0.9569 -0.2903
-0 -0.9952 -0.098
-0 -0.9952 0.098
-0 -0.9569 0.2903
-0 -0.8819 0.4714
-0 -0.773 0.6344
-0 -0.6344 0.773
-0 -0.4714 0.8819
-0 -0.2903 0.9569
-0 -0.098 0.9952
-0 0.098 0.9952
-0 0.2903 0.9569
-0 0.4714 0.8819
-0 0.6344 0.773
-0 0.773 0.6344
-0 0.8819 0.4714
-0 0.9569 0.2903
-0 0.9952 0.098
-0 0.9952 -0.098
-0 0.9569 -0.2903
-0 0.8819 -0.4714
-0 0.773 -0.6344
-0 0.6344 -0.773
-0 0.4714 -0.8819
-0 0.098 -0.9952
-0 0.2903 -0.9569
0.6303 -0.0787 0.7723
-0 0.9659 -0.2588
0.6303 -0.6018 0.4904
-0 0.866 0.5
0.6304 -0.7723 -0.0787
0.6304 -0.4904 -0.6018
-0 0.2588 0.9659
-0.6303 0.0787 0.7723
0.6314 -0.492 0.5995
0.6304 0.0787 -0.7723
-0 -0.5 0.866
0.6314 -0.7717 0.076
-0 -0.9659 0.2588
0.6314 -0.5995 -0.492
0.6304 0.6018 -0.4904
-0.6314 -0.076 0.7718
-0 -0.1014 -0.9948
-0 -0.6318 -0.7752
-0 -0.7752 -0.6318
-0 -0.9948 -0.1014
-0 -0.9948 0.1014
-0 -0.7752 0.6318
-0 -0.6318 0.7751
-0 -0.1014 0.9948
-0 0.1014 0.9948
-0 0.6318 0.7751
-0 0.7752 0.6318
-0 0.9948 0.1014
-0 0.9948 -0.1014
-0 0.7752 -0.6318
-0 0.6318 -0.7752
-0 0.1014 -0.9948
-0 0.866 -0.5
-0 0.5 -0.866
-0 -0.2588 -0.9659
-0 0.2588 -0.9659
-0 -0.866 -0.5
-0 -0.5 -0.866
0.6314 0.076 0.7718
-0.6304 0.6018 0.4904
-0 -0.9659 -0.2588
-0.6303 0.7723 -0.0787
-0 -0.866 0.5
-0.6304 0.4904 -0.6018
-0 -0.2588 0.9659
-0.6314 0.492 0.5995
-0 0.5 0.866
-0.6304 -0.0787 -0.7723
-0.6314 0.7717 0.076
-0 0.9659 0.2588
-0.6314 0.5995 -0.492
-0.6304 -0.6018 -0.4904
-0.6304 -0.7723 0.0787
0.6314 0.5995 0.492
-0.6314 0.076 -0.7718
-0.6304 -0.4904 0.6018
-0.6314 -0.492 -0.5995
0.6314 0.7717 -0.076
-0.6314 -0.7717 -0.076
0.6304 0.4904 0.6018
0.6314 0.492 -0.5995
-0.6314 -0.5994 0.492
0.6304 0.7723 0.0787
0.6314 -0.076 -0.7718
0.6304 -0.0787 0.7723
0.6304 -0.6018 0.4904
-0.6304 0.0787 0.7723
0.6303 0.0787 -0.7723
0.6314 -0.7718 0.076
0.6303 0.6018 -0.4904
-0.6314 -0.076 0.7717
-0 0.6318 0.7752
-0 0.7751 -0.6318
0.6314 0.076 0.7717
-0.6304 0.7723 -0.0787
-0.6314 0.076 -0.7717
-0.6314 -0.7718 -0.076
-0.6314 -0.5995 0.492
-0.013 0.9999 -0
-0.013 0.9979 0.0638
-0.016 0.6893 0.7243
-0.0227 0.9997 -0
-0.0173 0.6192 0.785
-0.9999 -0 0.0143
0.0434 -0.0822 -0.9957
0.1118 -0 -0.9937
-0.0148 -0.0817 -0.9966
-0 -0.8156 0.5786
0.0126 0.9957 0.0917
-0 -0.7571 0.6533
-0.9923 -0.1236 -0
-0.9922 -0.1236 0.0142
-0.9963 0.0803 -0.0316
-0.0434 0.9991 -0
0.0206 0.9829 -0.1831
0.2312 0.9555 -0.1832
0.0269 0.9975 -0.0658
0.0333 0.9976 -0.0609
-0.008 0.9994 -0.0341
0.0052 0.9966 -0.0819
0.0126 0.9999 -0
0.0176 0.9967 -0.0787
-0.024 0.9997 -0
-0.2727 0.4221 -0.8646
-0.3009 -0 -0.9537
-0.2497 -0.5578 -0.7915
-0.3008 -0 -0.9537
0.75 0.2902 -0.5944
0.7837 -0 -0.6211
0.718 -0.401 -0.569
-0.0593 0.9804 -0.188
0.0595 0.9802 0.1887
0.9281 0.3657 0.0704
-0.0065 0.9829 0.1838
0.011 0.9829 -0.1839
0.941 0.3384 -0
-0.0133 0.9827 0.1846
-0.0219 -0 -0.9998
-0.0078 -0.6931 -0.7208
0.0808 -0.6908 -0.7185
-0.0133 0.9829 0.1838
-0.0098 0.9999 0.0046
-0.0158 -0 -0.9999
0.011 0.983 -0.1831
-0.9961 0.0579 0.066
-0.9927 -0.1199 -0.0095
0.0544 -0 -0.9985
-0.652 0.7374 -0.1765
-0.5666 0.5826 0.5827
-0.5486 0.5912 -0.5912
-0.7021 0.7 -0.1305
-0.7071 0.7071 -0
-0.7064 0.7064 0.0453
-0.7068 0.7073 0.0101
-0.7032 0.6988 -0.1309
-0.7393 0.6649 0.106
-0.996 0.0898 -0
-0.9961 0.0876 0.0056
-0.9959 0.0898 0.0142
-0.6314 -0.492 0.5995
-0.6314 -0.7717 0.076
-0.6314 -0.5995 -0.492
0.6314 -0.076 0.7717
-0 -0.6318 0.7752
-0.6314 0.076 0.7718
0.6314 0.492 0.5995
0.6314 0.7717 0.076
0.6314 0.5995 -0.492
-0.6314 0.5995 0.492
0.6314 0.076 -0.7718
0.6314 -0.492 -0.5995
-0.6314 0.7717 -0.076
0.6314 -0.7717 -0.076
-0.6314 0.492 -0.5995
0.6314 -0.5994 0.492
-0.6314 -0.076 -0.7718
-0.6314 -0.7718 0.076
-0 0.6318 -0.7751
-0.6314 0.076 0.7717
0.6314 0.076 -0.7717
0.6314 -0.7718 -0.076
0.6314 -0.5995 0.4919
-0.6314 0.7718 0.076
0.0016 0.9973 0.074
0.0226 0.995 0.0969
0.0432 0.9949 0.0917
0.0173 0.6192 0.7851
-0.0542 -0.0815 -0.9952
-0.0542 -0.0929 -0.9942
0.0207 -0.0931 -0.9954
0.0057 -0.8156 0.5786
-0.0126 0.9957 0.0917
0.0239 0.996 0.0858
-0.0206 0.9829 -0.1831
-0.2312 0.9555 -0.1832
-0.0265 0.9991 -0.0342
-0.0226 0.9966 -0.0795
-0.0169 0.9981 -0.0595
-0.0538 0.9961 -0.0695
-0 0.0002 1
-0 -0.0002 1
-0 -0.0001 1
-0 -0.9529 -0.3033
-0.75 0.2901 -0.5944
-0.9281 0.3657 0.0704
0.0065 0.9829 0.1838
-0.01 0.9829 -0.184
0.0123 0.9827 0.1847
-0 -0.0001 -1
-0 0.0001 -1
-0 -0.0003 1
-0 0.0003 1
-0 0.0001 1
0.007 -0.9999 0.011
-0 -1 0.0047
-0.1106 -0.9937 0.0164
-0.0063 -1 0.0047
1 0.0041 0.0058
1 -0.0058 0.0056
1 0.0006 0.0053
0.0123 0.9827 0.1846
0.0098 0.9999 0.0046
0.0209 -0.0816 -0.9964
-0.01 0.9829 -0.1839
0.9949 0.0984 -0.0236
0.9841 -0.1548 0.0869
0.9927 -0.1199 -0.0095
0.0148 -0.0817 -0.9965
0.0014 0.998 0.0639
0.5666 0.5826 0.5827
0.7044 0.6934 0.1514
0.7064 0.7064 0.0453
0.7034 0.6986 -0.1308
0.7393 0.6649 0.106
0.9961 0.0876 0.0056
0.6304 -0.4904 0.6018
0.6304 -0.7723 0.0787
0.6304 -0.6018 -0.4904
-0.6303 -0.0787 0.7723
0.6303 0.0787 0.7723
-0.6303 0.4904 0.6018
-0.6304 0.7723 0.0787
-0.6304 0.6018 -0.4904
0.6304 0.6018 0.4904
-0.6304 0.0787 -0.7723
-0.6304 -0.4904 -0.6018
0.6303 0.7723 -0.0787
-0.6303 -0.7723 -0.0787
0.6304 0.4904 -0.6018
-0.6303 -0.6018 0.4904
0.6304 -0.0787 -0.7723
0.6314 -0.5995 0.492
0.6303 -0.6018 -0.4904
-0.6304 -0.0787 0.7723
0.6304 0.0787 0.7723
-0 -0.2589 0.9659
-0.6304 0.4904 0.6018
-0.6303 0.0787 -0.7723
0.6304 0.7723 -0.0787
-0.6304 -0.7723 -0.0787
-0.6304 -0.6018 0.4904
0.6314 0.7718 0.076
0.6303 -0.0787 -0.7723
-0.0016 0.9973 0.074
-0.0226 0.995 0.0969
-0.0432 0.9949 0.0917
-0.0173 0.6192 0.7851
0.0542 -0.0815 -0.9952
-0.0147 -0.0931 -0.9956
-0.0207 -0.0931 -0.9954
-0.0057 -0.8156 0.5786
0.3286 -0.715 0.6171
0.006 -0.8156 0.5785
0.0048 -0.7542 0.6566
-0.0239 0.996 0.0858
-0.9923 -0.1236 0.0002
-0.992 0.0895 0.0895
0.0145 0.982 -0.1883
0.0265 0.9991 -0.0342
0.0226 0.9966 -0.0795
0.0169 0.9981 -0.0595
0.0538 0.9961 -0.0695
-0.2727 0.422 -0.8646
0.75 0.2901 -0.5944
0.01 0.9829 -0.184
-0.0123 0.9827 0.1847
0.0063 -1 0.0046
-0.007 -0.9999 0.011
0.1106 -0.9937 0.0164
-1 -0 0.0053
-1 -0.0061 0.0059
-0.7071 -0 0.7071
-1 0.0014 0.0053
-0.0123 0.9827 0.1846
-0.0215 0.9996 -0.0158
-0.0209 -0.0816 -0.9964
0.01 0.9829 -0.1839
-0.9949 0.0984 -0.0236
-0.9841 -0.1548 0.0869
-0.9923 -0.1236 -0.0118
-0.0148 -0.0817 -0.9965
-0.0001 1 -0
-0.0014 0.998 0.0639
-0.7044 0.6934 0.1514
-0.7069 0.7059 0.0453
-0.7034 0.6986 -0.1308
-0.6518 0.7453 0.14
-0.9959 0.0898 0.0071
0.6303 0.4904 0.6018
0.6303 -0.7723 -0.0787
-0.6303 -0.4904 0.6018
-0.6303 -0.6018 -0.4904
-0.6303 0.6018 -0.4904
-0.6303 -0.0787 -0.7723
